34 16166666 Kepler.

Zonen, welche das Verhttltnis der 6166666161616666 Κ666166-
61666166 16166, 66 166 161616666 11666.

Ζ6 dem 116616666166166 tritt 116 16616666 661 166
2666616 166 261166 11666; mag 11666 1166161166 6661 6616
6616666161 661 66666 661 (16661 166 Τ611666 166 116661-
16666666 16 100 000 Τ6116 6666611161 werden, so 6161 116161-
166 166166616161111666161661, um 166 611661661111616 616
661161116 6666666166 66166666.

1661611666 166 Η66666661616. 0166 661 11611661-
6666 661161 6166666166, 66166 hierKeplers Resultate 1666 1611-
6616111. 116 sei PE=9·PA‚ AL :22 , LK = 27. Der
Κ6661616616111 661116 6166 166 916616 161 halben 1116666 6616. 116
16161 ΑΡ11 6666661 6111. 116166 666166 Κ11661 611166161-
166 1 825 848 331 848, der 666616 Τ611 16666 161 205 872 036872.
1166 161611 161161166 1116666 161183463877474. 1116661611
ist zwar 11161666 616 166 6666161611 661 6661 1161666 616166
661616 1611166166616616, 161 116166661161 6111 6161 161 116666
1161666 161166 616116 aus, weil 66 6161 16161 661 um den
10001611 166 Κ6661 1661611. 1116111166666 61161 166 von
616661 61661666 100000 6161 166 Η61116666616. Nimmt 6166 61611
166 16116166 11166166 PE = 21 951 66 21952, 66 666111 6161
111 116 16116 1116666 222366031289, 6166 66 viel. Aber 21952
161 6611166 616 166· 11611166 111661. 1116666 161166 6661111 16111
6161 6166 66666 116 111611161611 166 1611616 616166166 1166-
1111616666 616116 6166666166. ¹¹)

Lehrsatz XXVI. 11666 6166 (161616 61666 116661-
6616111661 166 666 ihm 6666661616616661166 1616-
66116 6166 11666116 16 616661 Ρ6611166Β6616616166666
166116166111616166 661661161, 66 6666666611666
116166 161 166 [1611661666 um den 1166616166661166

. Β6616 1111661, 661 6666 11616666616 61666 Κ6661,

116 Κ666166161116 616616 6661 ihrer Art 6166 Ρ1166616,
6166 01166 6166 6166 1616161 616666 6166661 116
’16666616 161 166 1161661666 um die thse einen
’ 661616 Κ6661; 1661611611616 166 Η61116 166 Ρ1166166
661 166 01166 6616 16616661 166 66661161666 8616·-
66116, 166 1616161 6166 zum Konoid ist 6611 6616
616161 dem 1611611616 166 666166 1166616 zum 6661166.

116 661 116. 3 0οΝ 6166 166616616111611616 (3111 6166
Ρ666161, 31116166Η6666161, 311 eine Ellipse) mit 16616166
013 6611661 116 Η61116 CN 166 161611166 0οΝ um ΟΝ 616
16166, 66 1611 Ν 16116116111, 6116661 016161 111616161-

 

